0 0.333333 1.400000 2.857143 3.888889 0 Root 4
1 0.333333 0.845833 4.457143 4.588889 0 FirstChild
1 0.333333 1.043750 4.457143 4.155556 0 SecondChild
2 0.333333 0.887500 4.457143 3.722222 0 ThirdChild
3 0.333333 0.970833 4.457143 3.288889 0 FourthChild
2
3 0.333333 0.950000 5.502976 4.855556 0 GrandSon2
3 0.333333 0.950000 5.502976 4.422222 0 GrandSon1
0
2
3 0.333333 0.950000 5.544643 3.988889 0 GrandSon4
3 0.333333 0.950000 5.544643 3.555556 0 GrandSon3
1
4 0.333333 0.866667 5.627976 3.288889 0 GrandSon
2
3 0.333333 0.950000 6.652976 5.122222 0 GrandSon6
3 0.333333 0.950000 6.652976 4.688889 0 GrandSon5
0
0
2
3 0.333333 1.304167 6.694643 3.822222 0 GrandDaughter2
3 0.333333 1.304167 6.694643 3.388889 0 GrandDaughter1
0
0
0
0
0
