0 0.333333 1.400000 2.857143 3.888889 0 root 3
0 0.333333 0.981250 4.457143 4.322222 0 Text Here!1
0 0.333333 0.897917 4.457143 3.888889 0 Text Here!
0 0.333333 0.897917 4.457143 3.455556 0 Text Here!
0
3
0 0.333333 0.897917 5.555060 4.322222 0 Text Here!
0 0.333333 0.897917 5.555060 3.888889 0 Text Here!
0 0.333333 0.897917 5.555060 3.455556 0 Text Here!
0
0
3
0 0.333333 0.897917 6.652976 4.322222 0 Text Here!
0 0.333333 0.897917 6.652976 3.888889 0 Text Here!
0 0.333333 0.897917 6.652976 3.455556 0 Text Here!
0
0
0
0
